1233551090504916994,1233551327214465024,1233553537038049281,1233554457956212736,1233554880834326528,1233551649731469312,1233552088543694848,1233552497991503872
1271939344476114945,1271934550701211648,1271935255931506694,1271937841094963200,1271938335020396545,1271941354478862336,1271942917180076032,1271940192342028295
1247103397129383937,1247100979998162945,1247105452288049153,1247107533652652038
1277201369628389376,1275904569503936512,1277039250903633920,1277064347643076608,1277240946216693760
514098803347951616,514098984315809793,514107855289737216,514099839077212160,514099035792478208,514099106944675840,514113011104374784,514100062784192512,514100076609015808,514107935862292480,514136106733174786,514099096022712320
1261758604899692544,1261745045125955587,1261759548718710784
1248199322614800384,1248199440898326530,1248199550843654150
661120256732041216,661554872890736640,661258605421797380,661251452686340096,661653622435012608
1244919801144692736,1244922761983586304
1241676955075973120,1241676930631512064,1241676995194478592
1244510683972026368,1244886205277204481,1245037442169626625,1245233640470003717
1276938795120820224,1276709023589392385,1276712079144124417,1276735693851693058,1276737343735640064,1276955906803195906
658259426172891136,658388327947726848,658259583476060160
1244020226502451212,1244016784946036736,1244019939398180869,1244019941038149632,1244020228217917440,1244020230013116416,1244020359927459840,1244020609178198016,1244020611019501569
1256420855829204992,1256427851546537984,1256590905768722432,1256600139852124162
1254528993421864961,1254444990346002438,1254454868728786954,1254514294881947649,1254527838486695943,1254541858769973251,1254527838486695943,1254543723658121219,1254551184863637504,1254544152655728641,1254552521147928577,1254670901464842241
1244538127219384323,1244538257221849088,1244538546389757952,1244558582886129664,1244538261768482816
1237664409922699264,1237664417178947584,1237664418558816256,1237664419955585024,1237664421364858882,1237664422757314560,1237664424170868743,1237664425525612544,1237664426850992128,1237664428168040448,1237664429560528896,1237664431003271169,1237664432349745152,1237664433624809472
1251054681960468480,1251054678172938242,1251054680064622592,1251054683692597248,1251054685538181121,1251054687169785856,1251054688822312960,1251054690588135425,1251054692341293056,1251054694014824448,1251054695705186304,1251054697454034944,1251054699429707776,1251054701057118208,1251054702629998592,1251054704265760768,1251054705867993089
1273805678038089728,1273802864536797184,1273807132933214208
1241989485312835589,1247637408767717376
1242485214464466945,1242485266079604739,1242485281191677952,1242485285264314369,1242485288745586690,1242485305199874049,1242485308811145216,1242485325336727554,1242485341245673473,1242485345037348865,1242485361864916998,1242485388905574406,1242485404332249091,1242485408170012672,1242485423701520387,1242485439665041408,1242489319232659460,1242489322336423937,1242489338350325760,1242489341546344450,1242489355697971201,1242489358914965507,1242489361368641537
600451916414484480,603165976604057600,601585781912797184,601325801850556416,601632789553807360,601614624614559744
1238873648410308608,1239075020451844096,1238876931216625665,1238895337768718338,1239127544902844416,1238874555579498496,1238911299100311553,1239126730180300801,1238899608790667264,1238899900672356357,1239107526492409856,1239053846925762562
1245893090780622848,1245911780259278848
553587303172833280,553589500572491776,553588519848132609,553588252372779008,553589221328715776,553589077086568448,553588210769883136,553588413195382784,553588700408717312,553587860620996608,553588708826304514,553587586703171584,553598661863563264,553587829977399296,553588231238090752,553588250087268352,553592274991714306,553589677433712640,553587863921917953,553587370822750210,553587678726594560
407209131351629824,407211509408735233,407214454053416960,408141597386104832,407277725825912832
1240527853592117248,1240527856800796672
673615400655970304,673649242532016128,673618508647948288,673713709101932544,673616178057576448,673890247042859008,673622184271724544,673696630282051584,673622732970569728,673832964107603969,673892653662994432,673616419137986561,673615873496625152,673618301126205440,673670976203288576,673623677431209984,673641284226179072,673644989990182912,673616008054235136,673672732706410496,673710333286989825,673690464835399683,673671178402185216,674038139334299648,673615849526194176,673656910273495040,673705147600642048,673623675199967236,673622917645803521,673952166894297092,673616345108512770,673652402139058176,673623975860269056,673702362503061504,673616359025016832,673690267099230208,673635922861285378,673615960331427841,673618294960611328,673624705895534592,673805200503652352,673630516273266688,673670680928481280,673618286211305472,673615621930766336,673620055742013440,673908767025590272,673623766627254273,673617763638845441,673627984545374208,673648519006171136,673621635509817344,673686112683053057,673615775983341568,673654083765579781,673615554914091008,673616076673036288,673617182979457024,673618409817571328,673684752042299392,673700666720808961,673762917590818816,673642170201559040,673661015498883072,673617208208003072,675803706936459265,673616865604714496,673619104960372736,673616997976936448,673634624703094784,673674564426166272,673665404141637632,673621625837854720,673637293664641024
1240733140869578752,1240733142870306819,1240733146640941061,1240733148591337486
532255606623989760,534117955198803968,532271532970881024,532262803252727809,532258360490344448,532258787173093377,532261100264640513,532265308258840576,532272563809185793,532256437066821633,532257601254596609,532257790891655168,532264152111538178,532260764221206530,532264031189737473,532275926906978304,532256776134348800,532263241754640385,532257802438606849,532257287701037056,533385273183588353,535260916284407808,532259218485571584
536871550184869888,536874432644792320,536872504632307712,536887997871190016,536879247059845120,536872620982304768,536877532457754625
1235459848029892608,1235146394769518594,1235161065249439746,1235185175505469442,1235185573108670467,1235392518407294976,1235466986198532096
1239491052031152128,1239491030078181376,1239491039087427584,1239491041193005056,1239491043348885508,1239491045525766144,1239491047606104065,1239491049791393792,1239491054170247168,1239491056208658432,1239491058381316096
1238805097456586752,1238805098928750593,1238805099884969985
1243237690319015936,1243661340524363782,1243736627899289600
1239284762319126533,1239232927915008000,1239275493645520899,1239283231041748993,1239285479062855680,1239286070010920961,1239285707425951747
1249804284155191296,1249751197688279041,1249752770174808064,1249791140443746304,1249806795326930944
436146437530075136,436300178845605888
649974380416618496,649976010394464256,649977561657688064,649990728412626944,649995001410256896,650350425657475072,649977575456923648,650015800158486528,649975329562460160,649984585015656448,649974997793001472,649980207017906176,649983514029371392,649976412871491585,649991309940363264,650005431742537728,649976978477416448,650031238691069952,649975804416421888,649976362732814336,649977712480653312,649980650947133440,649989947735175168,649980540708220929,649976726030819328,649975089958522881,649975490313330689,649980355093512193,650020772543528960,650015642356195328,649976637086371842,649974871305273344,649975259970543616,649976270655213568,649979548323332096,649975429915353089,649985305827758080,650016734594891776,649975767611215872,649984925135843328,649982854164824065,649976026550792192,650098470855012352,649974897905676288,649977410452979712,649976492852662273,649980755679014912,649977453197135872,649993098383069185,649981952737472512,649976392239742977,649974704971862016,649976522124603392,650119656976465920,650180119869308928,649975387888459777,649975616033423361,650031344672616448,650055259642052609,650006241041870848,649975176659103744,649985692232216578,650269410725335040,649975400702083072,650738165783920640,649987268330016772,649985379597217792,649974631764393987
1218269428166602753,1218255692831903744,1218275053793619968,1218276045171953670,1218287060815110145,1218288568277270528,1218295625172824066,1218507579225268224,1218517559701594113,1218525082819223553,1218530492619853824,1218544031409545216,1218548114950443008,1218567782771712001,1218573492783808513,1219160667330097152,1221339115842686977,1218594955846987776,1219639573732524035,1221598917890060289,1222156595750166530,1221284326727245824,1222261035211481088,1221737830965108736,1223910786206240771,1223910788550791168,1241746049846382595,1219381930669432832,1220105234048937984,1219549941187497984,1221095710780616704,1222538494943383552,1221593851065860097,1221642531974180865,1222718209297612801,1241611370292031490,1227040930332577793,1220468837142929409,1219910449917038592,1219910664518500352,1241737258652311557
1236758341143199753,1236755323370852354,1236755771108601856,1236756027502145550,1236758551026176000
1278357477881450496,1278356511140519936,1278358182923055106
1240357646181355521,1240367402040193024,1240358694526660608
407167258452971520,407222532245176321,407274682870558720,407243105507622912
557885928417816576,557891610827304960,557895513564282881,557900361256935426,558127389809860609,558127202622251008,557972996355551233,558170720509779969,557932183969882113,558127600724623360,558130378796716032,558132078462914562,557895838794780672,557889211106590721,558151456641916928,558157594494132224,557893321973301250,558166556770062337,557905677608583168,557899581854580736,558127647616946177,558126964704555010,558128559328612353,558130952413925376,558126544875704321
1248769369389309956,1248769392072155141,1248769397256327168,1248769402985734145,1248769408136351744,1248769413043683328,1248769422124351488,1248769427648253954,1248769432748466177,1248769437957861376
1277758619858219009,1277750035405561856,1277755695828525058,1277757792875622401,1277782496554475531
1234958563920863232,1234653962562764800,1234956709656850432,1234957214890123265,1234957614057848832,1234958169383686145,1234959003924365312,1234963359084109825
1270357034014248963,1270357040519667717,1270408833916076034
1249083025935106048,1249084137777987584
525043936331857923,525050622073380864,525047695673544704,525044138769924096,525514209233494016,525052636668514304,525046219480236032,525048485398474753,525047019216592896,525045076788248576
1243128738390274049,1243129912581484544,1243155408073527297
513015596879867904
667465205258051584,668034679275134976,667750362372149248,667468268396011521,667470882219032576,667466630172045312,667470401027637248,667802608082415617,667840064932548608,667506387795189760,667739963266621441,668675456401412096,668571713265909762,667466503915249664
525305690257379328,525306179892051968,525307506411995136,525308929417699328,525308624118489088,525311539163987968,525327610914832384,525318061101187072,525321363821981696,525337098455633922
1242120295567241219,1242117699867639809,1242120632432812032,1242121481234067458
519704006826807296,519708865072353280,519711224682909698,519704711516012544,519706386607788034,519711969062825984,519704529600651264,519704450257010688,519704152297848833,519704276797362177,519713692879839233,519705478146695168,519707799161286656,519705855646646273,519705999645499392,519705544907440128,519704818126843904,519956196023754752,519704307315138561,519705395753791488,519708732251336705,519704876951928832,519704921851981825,519713142046068736,519704667777818624,519707345371160576,519705424803557376,519704340450123777,519707008677576704,519709817158381568,519708205815828480,519704698555621376,519713256328294400,519705209392488448,519704859977588737,519704257864290305,519706007795007488,519704496935415809,519706147742162944,519707080605708288,519832830206312448,519705131835588608,519707025563869184,519705974672588801,519704686488596480,519705416620462080
1240697672584945664,1240697654222286849,1240697661528793088,1240697680856145920,1240697688384929792,1240697695687176192,1240697705376047105,1240697712401498113,1240697718374158336,1240697724581728256,1240697727077343232
1238168601699528704,1238234240254443520
1253368035127115777,1253373458643390464
1240995343543787521,1240995347788431361,1241001743745458176,1241002276854140929,1241001759390212097,1241096814423674881
1244504423029542914,1244885492409098241,1245037633803145218,1245727969294708737,1245233211900297216
514395350615203841,514396657744883712,514403767198822400,514752924246110208,514396466362580992,514408514454695936,514398786672537601,514396246854074369,514397492943671296,514397759110389760,514395920788897792,514397343303475200,514397192283754496,514397961556869122,514398116175675392,514434435174133760,514734218472357889,514399560316514305,514415118235762688,514401651617050626,514400438859628544,514396179439050752,514407053306363904
1270562599692914690,1270680405645987840
544511199702822913,544540884952694784,544512020599410690,544618563646918656,544544489558507522,544511871319961601,544568884309659649,544515223689117697
1270495848997310465,1270620805366525952,1270663217753272320
536808074431184896,536816895291564032,536845223482359808,537147730867781632,536808777799184384,536868475159859200,536810851639242752,536833805626400768,536808880043737090,536825292963463168,575412307951534081,536869882865123328,536860258501922816,536809354603667457,537063901935190016,536878262870212608,536863969126805505,536873173355339777,536811197908410368
1241069319750115328,1241069316981825538,1241069331154448385,1241069333545201665
1242485408170012672,1242485325336727554,1242485423701520387,1242485439665041408,1242489319232659460,1242489322336423937,1242489338350325760,1242489341546344450,1242489355697971201,1242489358914965507,1242489361368641537,1242489377365692417
501768276523761666,501781398932705280,501786374622965760,501780748454871040,501784990901100544,501793121081229312,501806897222393856,501802838839025665,501777489262157826,501797347748503552,501839908433330176,501819957496139776,501793200605245441,501784507155238912,501780737004417024,501790887555248128,501785552577130497,501788669108584451,501780047301062656,501781635369811969,501790314190090240,501791187557425152,501778223563558914,501774006047895552,501769750322905089,501777697627205632,502114318625021952,501769527353278464,501843994444566528,501771776821821440,501854816390238209,501801681534091264,501791427186417664,501786139577946114,501802491160563712,501772246277296129,502098258278096896,501805269371092993,501789922140102656,502046526026174464,501780112522485760,501792314071977984,501772185241800706,501779618102116352,501768650945470464,501771892676902912,502092463876870144,501778664418463744,501781350173917184,501769682093756416,501775072596471808,501783849446412288,501778826054361088,501773322678710273,501799286087352324,501780321562816514,501809219700793344,501790066348679169,501804181230219264,501797706499915776,501788830697943040,501784999876513792,501780047007875072,501777470014500864,501770963919593472,501817909052968963,501769619326369792,501781949669580802,501786759047692288,501843336353677312,501804514471866369,509865725163761664,501788174125789184,501818141782323200,501773612006010880,502789756850569216,501776284524228608,501772528608894976,501769360504266753,501794715919216640,501768665130614784,501768679223492608,501785016632750080,501797394212601856,501775577783603200,501819882858504192,501814913137123328,501771427557933056,501779892615512065,501772395003133952,501770883506380800,501778340085125122,501782793551380480,501796207350779904,501771947819425792
514546272972574721,514546942580621314,514548244639387648,514548159800803328,514547094821298176,514635354175852545,514560430514384896,514553938029600768,514634346104229888,514575271823814658,514547985384890368,514548835792986112,514553093527465985,514546828571054080,514551808732454912
523123779124600833,523136737619746816,523173553810993152,523126177452785665,523117325969784832,523149644654600192,523126107487223808,523118474160521216,523115609278914561,523116437301243904,523264597977862144,523116556038189056,523119569406132225,523119034611822592,523119630723072000,523166495593885697,523206352618156032,526624974824800256,523121413117726720,523195809383591937,523126967617732609,523126049790754817,523123973404774402,523139161663234049,523140695809597440,523118224612007936,523133886810054656,523115933163085825,523116149282963458,523182907180220418,523124503451557888,523119174357626880,523205680464158720,523151649909780480,523144724795121664,523124741893537792,523244175735934976,523125116671385602,523162728186122240,523127477896364033,523129809052782592,523128496835805184,523174672419258368,523127662106382337,523126094820421633,523163920102871042,523121757285548032,523165392462942208,523191166825553920,523390392608501761,523125225308028928,523125710018580480,523133609784643584,523335784028721152,523117824634785795,523132982111264769,523279386746044416,523129581054988288,523125324184182785,523118911970357248,523284505121943552,523117320504619008,523119696757788672,523131553660932096,523124552810135552,523126225603002368,523121057205878784,523117091734716417,523116807276621824,523134349643091968,523120716112478208,523148766871052288,523138872239464448,523118290076725248,523207828165509121,523118567043387392,523145866685587456,523126988924796929,523115872937054209,523133922457432064,523116346490773505,523124968205602816,523116579702054912,523115432736460802,523130606801416192,523137032630312960,523128823911833600,523289239568392192,523255653519732736,523119820322406400,523130266790158337,523154492208865280,523116435414196224,523165441976303616,523116609498800128,523128575734853632,523126026701119488,523118381403488256,523120835276861440,523125969918230529,523117776181796865,523173651433390080,523130634378960896,523135633121107968,523127489980530688,523130794643300352,523123339716751360,523116251959554049,523119779360419840,523116226101653504,523251640745598976,523142647817732096,523194673322790912,523118027022536704,523140553073258496,523125937681215488,523115904625037312,523128241192992768,523133197203566593,523124944541323264,523307861062209536,523127547778048000,523150772973105152,523116944405196800,523292987292282880,523139273495941120,523129581868679168,523178014130307073,523191537447235585,523119019545874432,524156211810566144,526807030452203520,523140328518606848,523121782287781888,523167315387756544,523125455797628929,523140838877331456,523124272936407040,523119556655476737,523116471426498560
1236892053738487808,1236892055198224384,1236892056473255936,1236892057844748293
1275640171216633858,1275635192682680324,1275636742461075456,1275637466683387904,1275644890874085382,1275646257596452865
1256629701637963776,1256637637445726209
1263409899582570498,1263349120355282944,1266508140968701952
407248574099894272,407249769480720384,407250482546343936,407271741426528258,407256275937157120,407250523465973760,407248886550786049,407274496371204097,407249459610148866,407251492207595520,407359878273826818,407248876832563200,407279311213703168,407249303405875200,407250082950434817,407309044979077121,407303190867353600,407253300698828800,407264736485462016,407266792503914496,407256962590466049,407305869148569600,407431150022709248,407662234328764416,407290965725294592,407267547709325312,407282836148719616,407253550155452416,407437719057350658,407251003352686592,407309432729526272,407285134702809088,407253672071286784,407253892607770624,407387622861185024,407248820037107712,407249268471517185,407257245668229121,407266406917357568,407249184471785472,407281312975044609,407264199300374528,407252415608397824,407274723576655872,407254241926205440,407253991639113728,407250004399894528,407249234446925824,407249284950544384,407249561259085824,407249116133986304,407288161782353920,407464983946338304,407255790748057600,407254375568912384,407255440968654848,407257206489235456,407277281867223040,407299052184018944,407256105921024001,407261236921765888,407258045652025344,407254308250718208,407250205739077634,407441701662236673,407256039705563136,407250555611123712,407375153451245568,407249407654907905,407323476886695938,407248804908638208,407257934591041536,407302772150009857,407262990358966272,407250179343921152,407252606898405376,407250920984952833,407250371422076928,407310944671252480,407248883866415104,407249838057586688,407248943010304000,407249457927823360
1247197737982078976,1247222500817330176
613016993692798977,613027349219520516,613021662037024768,613021107956924416,613024269098815488,613039231183769600,613017876891627522,613021913372188672
1236835185192308743,1236790420253954050,1236792997510971392,1236802739205804032,1236817490916884480,1236818967827812353,1236833088103161858,1236833310732664839,1236833715579469824
1277497628973039617,1277488396173180935,1277491159833681920,1277496818427887616,1277501285558861826,1277503775729692672
1266879843557400576,1266828433033756672,1266829564711501826,1266831553356861440,1266832266363392000
1240511647283916800,1240513042590425089
1241127842689269761,1241129989376000001,1241131695388139522,1241162527897239553,1241338781829136384,1241409991044730880,1241128057550798848,1241128726680596480,1241159464264368128
1237284194960670720,1237284192997777408,1237284196915314688,1237284199020867585,1237284200958627840
1239366606326661121,1239321977547939840,1239367608475865088,1239412526321819650
1241035948445569024,1241036195771166720
1243070179162103809,1244164789225521153
1224944744926629896,1224987795522908160,1224972381862551552
1230539792439484422,1230597826742280207
1249692635780038657,1249695068480561153,1249714026264887296,1249727773268213767,1249901380539645953,1249693332797820932
628045645010608128,628048725177430016
1270651063318740993,1270458228413853696,1270494045983440896
1270526546189705218,1270527330910236672,1270529665942183941
489816746405007360,489818076142383105,489897234540924928,489820708822716416,489819959904993281,489821115779260416,489817312405360640,489831969232916480,489816920951357440,489830313837985792,489817328885174272
1252551322919997441,1252553688935280640,1252571824405336065,1252616655865294855,1252575531956133889,1252616935797293058
524206851450486785,524207321875222528,524257656304046080,524244245579063296,524222085007409153,524207889897234432,524211055002910721,524207937850327040,524226001128390656,524208084533927937,524209242774192129,524209369307963393,524242123517071360,524266765707411456
654343805081157633,654402560053280768,654475860431499264,654361520852172800,654348789197619200,654348363110985728,654348373978316800,654377103035604992,655179191722205186,654615440845635584,655877920188035072,654348903056318464,654385000603750400,654429347948818434,654352454964920320,654417399953944576,654424675930390529,654380463868391424,654399076423835648,654349071595913216,654360742943002624,654366329781157888,654408999421497345,654421952115908608,654418187124019201,654384000295923716,654670331706118144,658789562286669824,654382807117119488,654474444950388736,654363325522771968,654421716383367168,654687006425874432,654717395903213568,654439766780452864,654371382638284800,659130705285242880,654423550149816320,654373263108247553,654374490307039232,654351657824706560,654372143036256256,655255220591706112,654365643895099392,654682621218131968,655205342775791616,654404216178515968,654439234439245824,654376555796414464,655390735173222400,654407275960999936,654350012969820160,654359496580538368,654494817808859136,654388653465034753,654536495697555456,654422539310112768
551123464640536576,551142749055889408,551124650323755008,551128865863512064,551157225465856002,551150880230096896,551141809473486848,551153320891785218,551126343463620611,551126503875153920,551125057997901824,551195892766621696,551153994144677888,551129725180325889,551560401872121856,551125224851509248,551123982804467712,551211157349220352,551913535450910721,551165643916333056,551173302073315328,551191651155079169,551123766244544512,551139855326273537,551173411930923008,551127004276215808,551147693217562624
1241290477501968385,1241290484741337088,1241290491628380160,1241290500323196930,1241290507201871874,1241290514327990272
1234019460887056385,1234019467237130240,1234019691498295297,1234050539492696065,1234050547034083331,1234051015139381248,1234051021338480641,1234051313400516608,1234051320493068289,1234051863646998528,1234051869959389185
524181699043663872,524199165320912897,524186876547436544,524235986717663234,524231191311155200,524184053688565760,524246562000879616,524259762465439744,524184560188534785,524225404500836352,524248575602356224,524507717293977600,524262391237062656,524251109079416834,524332222133071872,524270613687705600,524247504997863425
544350567183556608,544351136518385664,544351106000625664
386682163862986752,386692217047236609,387106525652602880,386683323558273024,386683830779645952,386683282751889408,386933888221577216,386684724816510977,386800970191364096,386689540699598848,386682436534681600,386705088883851265,386686737407172608,386691813597130752
675005503160901632,675023066443874304,675021947592310785,675025924958593024,675023582607646720,675021602296307712,675033892856995841,675037037305667585,675026438731358208,675065681516318722,675020574498922496,675038004650618880,675019697381769216,675023347155992576,675303479070560256,675027202866479104,675022984952737792,675020081374486528,675043022296522753,675007543056330752,675020488045953025,675019764255891456,675021162733248512,675033686857895939,675026747100815360,675021406422241281,675055209576534017,675028882987204608,675028665093197825,675020274526367744,675024691929681925,675019681061801984,675020601589911552,675021543324291072,675023741601128448,675029735970328577,675023582687203328,675020704023224321,675033419370352640,675023372456210432,675034696124878849,675083783146745857,675022343857504256,675024672623214592,675028996757712896,675025510100041728,675021099332055040,675022752680534016,675135796802928643,675022040777158656,675028426336677890,675058392357085184,675017164454125568,675027148852355072
1254462646470029313,1254471236282978304,1254471721236774912,1254466067763621896,1254469007719174145,1254470238927716353,1254470600237764618,1254470648534982658,1254480424648179713
1238410436799840256,1238410432399933440,1238410434375450624,1238410441409417217,1238410444064403456,1238410447809925120,1238410449823072256,1238410452020887553,1238410455900663810
1234884651572850688,1234884647089135619,1234884649437937664,1234884654055882757,1234884656295641088,1235033578964013056
1240724894607958022,1240724896457601026,1240724898366054400,1240724898366054400
536540403109879809,536541114317414400,536548360619323392,536542842294788096,536648375698214912,536542053824741376,536541792859344896
1259987939985108994,1259987944242372610,1259987946838646785
1238387615037943809,1238386131793674241,1238387997940183040
1270425500490612738,1270306496035926017,1270425843735638017
1235130067803607041,1235130073704955905,1235130078247505920,1235138283790675968
1273396772036100096,1273375238408069121,1273571248971436033
1242793322072231936,1242856824929476610,1246049011540185089,1242818688631238662
1235494073970147328,1235491489804963840,1235491767476199424,1235493800426037248,1235494191280644096,1235494521753997312,1235494652091994112,1235494884519231488,1235495037124907008,1235495204792266752,1235495365949915137
643103859729166337,643577410013626368,643229692053602304,643247092006170624,643264284202434561,643259274127392768,643567714909356032,643139663725621248,643105005302583296,643307076824006657,643261233056083968,643193989588492288,643124806779568128,643119184273018880,643135718320173056,643192331416567808,643136680258613248,643119365030809600,643193251323887616,643234735859175424,643158290160054272,643138874277892096,643113523304730624,643399494642606080,646078154520440833,643216988282691584,643575584245682177,643205015922847744,643134933083357184,643251818026266624,643235887833157632,643128221605621760,643106172401160193,643868339513749504,643868664677187585,643140267453861888,643151031698878464,643108737591341056,643141459474968577,643449959069696006,643112953579835393,643868069081808898,643114159853453312,643105484438814720,643270251182845952,646077117260804096,643569301836926976,643113950570123265,643267208102055936,643811250359697408,643526595735613440,643137253917749248,646097816637571072,643146453666430978,643109889733226496,643146274586427392,643109605548011520,643135800444592128,643192948633505792,643137393839730688,643133940748840960,643136019450073088,643147365596168192,643105790400696321,643403031288107008,646103549143744512,643104348130578432,643152508374904832,643568626633678848,643137724040511488,643255866095865856,643114623173029888,643113851483877378,643140340761817088,643237572874006534,643155668854177792,646112613655384064,643191446179344386,643123213292171264,643596152428998660,643114797861482496,643404484899643392,643106250973052932,643137052112846848,646093454704017408,643156704411127813,643162139293839360,643105459872890880,644848340333690880,643573713493983232,643126888991338496,643191991015047168,643169917190078464,643121494646636544,643114940077727744,643120302310821889,643105959280119808,643129244361596929,643124071648108546,643105514100920320,643121619074813952,643169889734164480,643714844374474752,643138515723755520,643105851390078976,643106146031665152,643210073120989184,643108375962632192,643106273727279106,643105243148996609
1242686077372170240,1242815305619038208,1242824425667530757
1245291186073501696,1245348732260024320,1245371520463101953,1245354344070942721
1245067675862269953,1245067678169079809,1245067680253698048,1245067682090815488,1245067684536029187
1271959433464119299,1271967606841446400,1271959530075820032,1271961091451600898,1281661219116658688,1271968405298413568,1271968498009337856,1271981885418360832,1271996056851578880,1272046865144520705,1272062075939028993,1272143551984545792,1272168845508251648,1272206685977939969,1272214111091412994,1281682402125979649,1281896928960225280,1281965525497675776,1281642381755002881,1281661952218009600,1271985583263567874,1281661601670733825,1271962702869680129,1272044644587749377,1281881474938155012,1271968950792806400,1282569257486884864,1282569277099384833,1271960714752733184,1271968845482377223,1271969661803024388,1271972482933821440,1271975736296058881,1271989092067074048,1271989435832217600,1272007708439388161,1272036622335442945,1272051897239605248,1272085179826200576,1272281538588106752,1272547828326227974,1281689353849155584,1281695578921943040,1272094575100694531,1281724920624365569,1281764959366586368
1237460135485702144,1237461010451009536,1237461961006125056
532239131540467712,534779057930371072,532240695054979073,532548567333093377,532349587387088896,532254692643209217
1240361653876686848,1240359147125846026,1240360241805570052,1240361092544704512,1240363124949123074,1240364173944672267
1247925796724858880,1247925798926876672
614650850393391104
525056576038518785,525058373591367680,525070716807688192,525058435361292288,525057081515061248,525072231022333953,525062334302412800,525080429410664448,525057102306222083,525066880219115520,525057109910495232,525059328685133824
490136764619948032,490141310800900096,490139698212261888,490141866306703361,490137700788236288,490140235842740224,490138073477697536,490170492821594114,490153985945645057,490137388531089408,490137353365626880
