626516248206135296,626521354666381313,626521176307855360,626526078899744770,626526115490762752,626665509421891584,627013559956844544,626542601349541888,626520615982272512,626518360679780352,626522433416105985,626526043323678722,626528629007101952
1254394577789890560,1254278489567637504,1254398040863014912
1250302907389333504,1250305516984619016,1250304071245824010,1250306914593861644,1250308467547459584,1250303960742690817,1250317561675169793,1250303715258404864,1250313545478049793,1250316879781957632,1250371716867555329,1250380788677386241,1250433149634359297,1250307750531194880,1250330474242666498,1250346030555512835,1250346076374065154,1250354963945082880,1250355104521367552,1250356594422005760,1250360332066881536,1250365429576544257,1250372488208486400,1250385477359874050,1250395421127696385,1250396681214005248,1250396954254807040,1250399004669677569,1250402137105891328,1250403776764264449,1250435293863272456,1250436209119125512,1250491183148793860,1250559888993980419,1250303394364846083,1250308942724337664,1250303427466289154,1250353955437252608,1250306795941187585,1250308219227918338,1250307144764649472,1250309281968054278,1250315840840290307,1250304530907934723,1250308382403088392,1250308684564983811,1250318388791926790,1250319539817988096,1250330736046919686,1250336779464400896,1250424487377424386,1250438979289153536,1250474664591339523,1250660276212563968,1250901423593791492,1250304269346951170,1250305871835365378,1250307860589768706,1250361034638077952,1250375122499719168,1250376385312493568,1250410234927087619,1250513782641766401,1251750357715357698
1233758272718622721,1233756225810190336,1233756798018052100,1233760571184431104,1233769560429473793
1273126200655912962,1272888006307962887,1272988611311435779,1273004336931581953,1273135175363428353,1273176254720737286
536547921542791170,536554014805352450,536579919544070144,536629324750020609,536550955836112896,536552791855357952,536551770009247744,536556105577824257,536603506430730240,536764294168580096,536559744182665216,536556107914031104,536558201932886016,536572827269599233,536632846891622401,536552332256083968,536729917967200256,536556697834115073,536634758194016257,536564901456924672,536550279995736064,536614390758637569,536559488950894593,536595798143021056,536948152679792640,536631719794049024,536548607537983488,536569150580080641,536605099024740352,536583813976322048,536582801173540864,536570273290780672
1240936775112994817,1240936777281458176
1251054704265760768,1251054701057118208,1251054702629998592,1251054705867993089
407198615137181696,407223734454714368,407245165389426688,407247934250438656,407228174175854592,407228464195178496,407229701657464833,407441022625775616,407315575673597953,407675468121243648
504387128013246465,506624708344033280,506879798895845376,507012293151195136,504400449860947968,504411793947897856,504656937355862016,506608377934274560,506483170037231617,506616775778516992,506902104431026176,504433644480765954,504387532046336000,504504577962823680,504437503282008065,504474871800549377,504439278655389696,506486574671228928,504388168012288000,504392905050423296,504414900434010113,504439864033828867,504388724957147137,506598396174827521,504387214571487232,504387692164284416,504391511338143744,504451063349395456,504399564485300224,504452603036454912,506613641408290816,504474161499369472
1242240645999271949,1242240643482693632,1242240647739949072,1242240648910114818,1242240650067705856,1242240651464499204
1247548584293097476,1247549752687788033,1247550016069070849,1247550460724162562,1247550100676608000,1247557704085671936,1247575764850987008,1247580367462137856
570405783306944514,570407652938911744,570488337003364352,570413375538114560,570580122358587393,570420386187206656,570476197458653185,570405939632844800,570476760686587904,571147619994505217,570414190445400064,570406358069207041,570556527913803776,570411075616706560,570419238353047552,570406794364907520,570410387218112513,570412880635432960,570406279581175808,570743509323395072,570408921430503424,570407366362943488,570410052579753984,570515297133826048,570406005491650561,570443591564312576,570421701336440835,570406496661573632,570406037297061890,570406293170753538,570406402587361281,570416148639920128,570406048986636288,570408920776208384,570437093438021633,570437566102573056,570442091081412609,570406489166385152,570551504420999169,570464015492751363,570408915747254272,570406196152274944,570406283699998720,570410756375588864,570419718722609152,570408443707682816,570408953508700160,570408142674272256,570436780404551680,570438800691875840,570408561429196801
1244914088641257472,1244913711585820672,1244914446163677184,1244914648501141504,1244914876457328641,1244915128987979777,1244915462867046400
1237035091844530176,1236947785372635136,1236948114633867265,1237015788445368321,1237026354895433730,1237031757360304135,1237034889016479745,1237037369997524994
523562674487975937,524189021682270208,523577212457738240,523566801570238464,523701963649581057,523858541464281088,523657376377749504,523640165462708224,523570761106481152,523638918676508672,523668443116363777,523566703763267584,523869556289576960,523570045319151617,523588300662398976,523582381316657152,523572289502474241,523605155359371264,523802202994114560,523875328809500672,523570731494686720,523647340151070720,523569418652360704,526372226678153216,523582762041622528,523569018184015872,523574709699371010,523566259699716097,523906378738319360,523816458045100033,523656557264113665,523863740819988480,523568469388718080,523673083031220226,523757955234017280,523568218045419522,523588429007699969,523678276293001217,523847042838589440,523579958258855936,523571869233184770,523829136302030848,523567427163258881,523574810631503872,523584718789701632
1238555804934057990,1238555801347915776,1238555803411456005,1238555806548856833
1242137698439237635,1242406210663600130
1241548792534634503,1241537354386403329,1241550814360920064
528312406498635777,528379048867954688,528391382327889920,528313457863823362,528313346194694144,528317505111343104,528525263714664449,528340271709577216,528312719661748224,528322664671100928,528329897098633216,528314409433964544,528334907568029696,528376652066074624,528319571271618560,528316050082136064,528335913534115840,528336491811192832,528353949775319040,528411628405293056,528313155743916032,528324311581741057,528312596781625344,528345130718097409,528314878570663936,528316434091630592,528337654740705281,528331350227820544,528416145209303040,528351023866605568,528346362262192128,528313941513228288,528497654817644544,528332656468312064,528336745197486080,528330112660697088,528316355930775552,528319320275693569,528440387040739328,528313216334827520,528316203010650112,528312841749950464,528312688783683585,528313290804699136,528332699162144768,528333370736906240,528313947095826432,528359758018125825,528359535585808384,528341874478952448,528317210805432321,528313248798756866,528314767338131457,528313958621806593,528312846963073026,528326000698867712,529671037576032256,528340059024408576,528371669057159168,528346448102838273,528439260119314432,528394133451575296,528315322743668737,528331454435328000,528418206072209409,528336044413173760,528314633808273408,528316865878425600,528357999593947136,528320329538887680,528326779434721280,528347969029156864,528314437850365952,528336616365228032,528315072788316160,528312864671399936,528342826153951232,528347291472904192,528528382632292354,528316141031407618,528317734149308416,528316175378563072,528375066233274368,528315399818190849,528312910297440257,528313997729492993,528312738628788224,528347283558252544,528377981967020032,530875917040910336,528318639326650368,528340874984689664,528324595339001857,528335559522258944,528353760062754816,528363527988604928,528332167185969152
554958414905094144,554985763733925888,554959786538975232,555281326115651585,554968758218141696,554975051460915200,554959961642377217,555140883478110208,554976621451812865,554960937472782336,554961144109359104,554976559493570560,554962781150408704,554965329781489664,554963198034862080,554958575031042048,554958590822612993,554959650194735104,554978861428264960,554966519235772417
528389559441444864,528397452542365696,528432776588951553,529039764721119232,528558891513413633,528589968642670592,528405267428302848,528495624669634560,528721631208681473,528390455294062592,528564193985703937,528390487703420929,528557725593395200,528395002464841728,528566748115918848,528620300653821953,529055390634639360,528392958043639808,528391105411571712,528391917361315840,528397557723324416,528395905184325632,528390901971030016,528390248217456640,528478308535918592,528391160687906817,528557562216865792,528574776051126273,528394975151943680,528395519446368256,528391944586944513,528424169977835521,529136190612439040,528392475761971200,528471656462028800,528626089120509953,528395735231111168,528576174105309184,528390562999963648,528391520437956608,528566653647601665,528565328029450240,529052456974811138,528433500412993536,529094088130576385,528436081109131265,528566390303649792,528392411589132289,528570368496500736,528568010110693376,528596033992130560
436089462326849536,436104916763807744,436138243768078336,436226409619795968,436144809783611392,436121280505319424,436104833020334080,436167371074453504,436131058514677760,436176186981761024,436133186947395584,436145350336737280,436136929638117376,436170136836251649,436160464557715457,436127310635212800,436144491985395712,436139710432309248,436114725403783168,437090653382930432,436115040303730688,436101106129993728,436258470220689409,436143815318323200,436091292700147713,436089759212257280,436156157682782208,436135357063921664,436157280581849088
1255615048178733057,1255613298294153216,1255616022599499776,1255616147908554752,1255661147598065666
1239478540476665856,1239475416768929794,1239476007439986688,1239487533240610816
1248769381288628224,1248769375139762178,1248769386661502977,1248769392072155141,1248769397256327168,1248769402985734145,1248769408136351744,1248769413043683328,1248769422124351488,1248769427648253954,1248769432748466177,1248769437957861376
524946179390701568,524948010653200384,524948057834545155,524946719562555392,524946394998915073,524946561986736128,524952480367792128,524947400000303104,524948371933790208,524947370044588032,524954772252917760
1248672164481466368,1248673828357668864
1241429245437661191,1241315551592550400,1241376512907018240,1241445042637717505
524998384357486592,525014582696632320,525009772207415296,525000329080078336,525009196522409984
489798219283857408,489807564784152576,489809261598625792,489799028423397376,490356483100385280,489798892968763392,489803597220020225,489808797267787776,489803170491539456,489802132892450816,489798546015920128,489802769713201154,489801681740513280,489798513132204032
1225687585617403905,1225687534962794502,1225687551039524864,1225687565266587648,1225708614519869440
1261693709470633985,1261644909104320512,1261694103571451904
1254441536261099522,1247877081507209216,1254442718031491074
549124560793374720,549125087811887105,549130488569688064,549127896150065152,549133453657378816,549142948290764800,549160504942665728,561614297147510784,549124913052016640,549128075670061056,549144891625062400,549126254801469440,549127079489323008,549147231602089984,549141893108736000,549148002859114497
495305620342714369,495310219501903872,495313392232828929,495327565800673280,495829103975862272,495306791970816000,495329755504201729,495306913220165632,495307311519662080,495306512064335872,495306213576687616
1225751310013796355,1225752267439034368,1225752760248700931
1253303587612037121,1253145717817958400,1253222653357428736,1253304352279801856
524185876931162112,524198434996494336,524200862663847936,524205775770906624,524209905843318784,524211528950878208,524201652190863360,524226629040500736,524198247301414912,524199372008194048,524204801970548736,524226860411289601,524257058917744640,524202754919903233,524206295541645312,524241726828195841,524229829491965953,524201560851890176,524227200401539072,524593981758251008,524198173074784256,524235266991480833,524203050677075969,524202786754285568,524289309977747456,524198811410116608,524200417119731712,524214972059234304,524201482691026944,524198557419831296,524200973502148609,524213896702623744,524197438723457025,524303080766976003,524197906409328640,524211551771688960,524198030862319616,524213659179180033,524270638853554178,524205051716173825,524234991358967808,524213042884915200,524249037310947328,524246772273930240,524198575300177920,524203457881059331,524203807732170752,524525449536630784,524237576006541312,524593490714705920,524239902511095808,524200824516657152,524301642640793600,524199466312933376,524203151197732864,524208162032087040,524197859063631873,524207159392104449,524197949040238592,524195005398011904,524525583041306624,524225211349348352,524209863845752832,524239025994235904,524198958327803904,524201338490847234,524213566421757954,524258127957737472,524211378887081985,524289049331130369,524197419463225344,524198509869019136,524202931999232002,524349933554761728,524231288849694721,524652894612512768,524203623127855105,524197797260955648,524198358609842177,524206837223403520,524262623169499136,524249661553778688,524207924760305664,524232110727385088,524234820272943105,524221381391966209,524198654555717632,524212879239970816,524232251437899776,524204650959208448,524206623229612033,524244483844493312,524199759012442112,524214983350321153,524197715454877697,524272347285831680,524197345060470784,524238038508257280,524198245883711489,524203152858308608,524204112255389696,524209837308379136,524221813379698691,524202061458468864,525776099238637568,524200377261244416,524235421363240961,524206854101303296,524197338131468288,524227141198946304,524237844941131776,524246478232256512,524362116996669441,524236705696866305,524298898743894019,524232007975710720,524221649399185408,524251092348329985,524223427570565120,524198006590296064,524235626745724929,524198379258380288,524372706179833856,524227920043446272,524204551293767680,524526449068621824,524226802274025473,524206709976600576,524199076779143168,524238207328583680,524218895042109440,524375489025044481,524198313432985600,524223711659184128,524353301702541312,524199693933617153,524222508191739904,524204148829736961,524209425192861696,524246212766339073,524198106037223424,524228436064497664,524223094987452416,524199269847154689,524246989462986752,524255060155723776,524198385155575808,524202208481771520,524230262721232896,524267616538726400,524525304027811840,524724642855288832,524197782144299008,524198517959819264,524367413463498752,524229365107023872,524225915539443713,524210031902748673,524213340068151296,524200565983965184,524242263791386624,524331284655398912,525529151244357632,524232649511288833,524556833588269056,524203474704424960,524315430517624832,524200614256181248,524421494538272768,527595471586357248,524204038569877504,524298813310111744,524210981913001984,524205101418700801,524198365090045952,524218244790763521,524244635514707968,524246484083286017,524300485965008896,524204525935411200,524203535207264256,524200944515698690,524197826163929088,524210759585505280,524218400676274177,524272546930102272,524201012236931073,524202806358839296,524208191828422657,524593612588609537,524525504511348737,524199692901441536,524198689045114880,524252352396541952,524255771744542720,524267705504133120,524346967040983041,524201780499202049,524198764018667520,524449740919173121
1243694755797663745,1242965913193852928,1243240748931317762,1243858433285201920
544305540286148609,544306128805724160,544307069864538113,544306003026538497,544308426864869376,544307524770738176,544327005471526912,544333035370721280,544310038613852160,544306274146713600,544306589252198400
1234719267934875648,1234716246136049664,1234721087021338624,1234721328072216576,1234722339755102208,1234722971878658048,1234723524792782848
1259922573019754500,1259913080882057216,1259915467457736705,1259917301433974790,1259920113635074048,1259923356608081922,1259923895005708291
1239237757966442498,1238872520771559425,1239218449076740099,1239820414601302016,1239903234535428096
514420223873941504,514434073729970176,514420668444966912,514445505662058499,514480236239814656,514421272764485633,514445944373657600,514427632889253888,514429434469052416,514504223414038530,514431148957925376,514451601546051585,514431336057430016,514426605004144640,514423498748755970
407176055657484289,407177024084901888,407176817754128384,407178459988103169,407178308829609984,410037519732846592,407219070581231616
1272856879107112960,1272776879825580034,1272859405730504706
528242965915779072,534888087651098624,536558498109472769,564308420522942464,528594338880573440,528248600187662336,534886474802802688,533694624238682112,528742239241924608,548287414704553984
1240168116904005637,1240168238664699905
509084603617792001,509166383104802816,509336362034937856,511717674205077504,511674432029728768,509084864092860416,509445130533621760,509084872539787264,509092190719868928,509088697875460096,509141720999530496,509165033448681472,511490635799736320,511673352377733122,512335718757437440,509204808050298880,509169431097135104,509122172393385984,509131585510047744
536738726693847041,536739634500628481,536744796316913664
1249023004824256512,1249027015421972480,1249061186957643777,1249027269957468161,1249060958913409027,1249028166573871104,1249061262023065607
524991240270807042,524991893357486080,525006916624584704
1240583949157642240,1240583951137353729
1243922149842325504,1243941341769486337,1243927970793881600,1243942351996948480,1243935646839984128,1244182251950297088,1243938986239893505,1243953777687826432,1243924201666482183,1243929098906406913
514109888138842113,514110522862874625,514123109130330112,514116388194381827,514174175356129280
614648099542204416,614651419245678592,614711990955540480,614649197925523456,614664694666801152,614663988442324993,614649983472545792,614669495982895106,614653569547894784,614650715340828672,614653261228871680,614654552697143296,614652037901389828,614650230307467264,614755110338621440,614648868098052096,614674824426713088,614666145258278916,614655922565185536,614654565204512768,614664436280725504,614648600354795520,614656019277332481
407262869152358400,407265764472008704,407265214850015232,407266964919549952,407270585748578304,407277121677963264,407266340706480128,407265442139750401,407266875815366656,407264014826106880,407269730777858049,407278118274367488,407263992340832256,407262982629249026,407324500204584960,407264585087873024,407264764260548608,407271951011287040
1239238887194554369,1239228313593241600,1239242616283099136
1238208522069950476,1238181244648804353,1238190584222961664,1238208700608888836
665379967757324288,665428212034486272,665576218784374784,665468961627090944,665575832585240577,665382044931915776,665567348947046400,665567893908680705,665394529458081792,665407446970683392,665579589079539712,665385042890371072,676920472580263936,665398758256091136,665652439568240640,665526778874695680,665382920597598208
1235835228263862272,1235639069721296896,1235720066366242816,1235801261884104704,1235835409290035200
614628865353351168,614632553153048576,614635008452489216,614669270082027520,614668080099233792,614630414481756160,614644782384742400,614629811294568448,614630273167134720,614637090475741184,614630349713338368,614629044693307392,614629787995373568,614631776934191104,614629337556389892,614701893043023872,614630350359146496,614628958269800448,614775691779964928,615160357515083776,615938171100991488,614633641134698497,614632200760332289,614688660462567424,614631070047313920,614650596096929793,614636241405939716,614631031048572928
1255610142546104323,1255610131808731137,1255610134803472384,1255610137513005056,1255610145268170752
1239811755485716481,1239811711361671169,1239811802289958913,1239811831486545920
1236627984683020288,1236627980086108161,1236627986717323264,1236627989036781569,1236627992459304961,1236627995420475392,1236627997685362689
1248902200203542528,1249123736806141954,1249259263198969856
553115168084074497,553116262964801536,553120653206102016,553153431746404352,553151536269127681,553131137283809281,553117721223630849,553115492207329281,553148515137118208,553135407257640963
1275693305611812865,1275680477077213190,1275683617843351558,1275689555425988609,1275697176476254211,1275700032335945732,1275704994067513344,1275707843472232450,1275713062985699328,1275714293833633792,1275759276531777537,1275767421450756096,1275793272204660737,1275814443520339968,1275815841767002112,1275828173469614080,1275835863021355011,1276110404071153664,1276114181838843905,1276131030391566337,1276136650956046336,1276157410630160386,1276178129355247616,1276207702054756358,1276213576697622534,1276220094549569536,1276483213628772352,1276509994956075008,1276569271842287617,1277684720785121280,1277986607136636931,1278286078072565760,1278293075564118023,1278296394722349061,1275721462914179075,1275762383877701633,1275716476939403266,1275695745115533317,1275699023463186434,1275703069704060934
553476880339599360,555631356286234624,553496235320303616,553477770622533632
1237971906197938176,1238211326725554177,1238663368082370560
1274000443060948992,1273761686705647621,1273786087840845824,1273792164384911371,1273954574047629312,1274000911929683968
1235766904486268929,1235514539937955840,1235530536543633409,1236879111357747200,1236907045762154497,1236963374803464192,1237029140227743745,1237280509547270144,1237320719383453696,1237377507977859072,1237573164227391488,1237618035495596032,1239757176320622592,1239784154201391108,1239853924904914944,1240153147915501569,1240496751208873984,1240524892857978880,1240540123927687168,1240578352630530049,1240657018278400000,1240835224390397952,1240887304320716800,1241927348053630976,1241947270133633024,1241966656869421057,1241996248225210368,1242093262384447491,1242286594456825857,1242365494205661184,1242675875960610818,1236904860156440576
1234051015139381248,1234018989719932928,1234051021338480641,1234051313400516608,1234051320493068289,1234051863646998528,1234051869959389185
1254137398352543744,1254159536556052485,1254160503234088961
1256704609919221760,1256704611819286528,1256704621554233345
649889459836710912,649898523413073920,649902473419735040,649892200227041280,649890739187355648,649893257267257344,649892531984035841,649916826697207809,649930367076540416,649893680434814976,649925042114007040,649902421464911872,649890599462502401,649906957013360640,649889966068207616,649890861451489280,649893598239064064,649889831649153025,649891642103738369,650017835792465920,650017932643139584,649890015787515904,649940015040991232,649892307831885825,649906176977604608,649892427742867456,649915985307152385,649892019943247872,650008905540575232,649906238755618816,650123288920743936,649890540448841728,649891615440523264,649907667041804288,650057030506561536,649891626530275328,649910807686443008,649890160059006976,649891308140560384,649892585012498433,649896192789336064,649917583894945792,649929835251429376
1237724825843572742,1237723827448229897,1237879679782092801
1276520584499912709,1276476971288088577,1276509481854066688,1276514683869179906,1276515917615120384
1240723147630018560,1240724575119388676
559787890402541568,560191907696214017,564115564725936128,561516847997411330,571742622747787265,559801428638957569,566619327454248961,562781520986116097,569924305217171458,567302953133178880,563430201699627008
1274051980604792832,1274045310592040960,1274048444500307969,1274049457252753409,1274050948340596736,1274109940328730625
1240271370304409601,1240271372833583104
531161914689482752,531180117192876032,531172204818333696,531181272060919808,531169761707970560,531186596368744448,531163350823346176,531192351210094592,531172506351468544,531183122483003395,531185132125028352,531179355024949249,531175418213056513,531187966153334786,531222331331710976,531274665806012416,531191290294460416,531195831144435712,531200117618274304,531169006535733248,531177533517996032,531179728355737600,531162955816402944,531167991669727233,531163570332237824,531169574725894145,531172348490428417,531175884838162432,531181286501908480,531190077171707904,531184412159774720,531170017468252160,531413713622794241,531162782298046464,531298137840054273,531204323712434176,531172874346704896,531169474700132354,554847328285102080,531185336077254657,531199897731870722,531163266114785280,531162347965272064,531167649963581440,531174432946266113,531273460136570880,531162775268372481,531170309093597184,531187496357752832,531163451062640641,531177089651974144,531175355894493184,533016753815969792,531166347112095744,531174340230791169,531220554058309632,531188449744015360,531171082095427584,531182460034625536,531403281902227456,531521250242228226,531185085211365376,531184991787831298,531163787077107712,531267353938784258,531172082936455171,531186948250288128,531271619201994752,531227353251598336,531186115508584448,531192135845163009,531296494071316480,531162308916281344,531183386187292672,531168800822296576,531165087772319744,531267084056276993,531175653367111680,531164745605578754,531162118062895106,531171329207070720,531228183975456769,531186487380160512,531189670525562880,531272371194580992,531172898375872512,531172604330004480,531202884101099520,531208513154867200,531294541609844736,531223194196516866,531230143491350529,531196572168888320,531185363977764864,531173067243151361,531177768038719488,531219704489451520,531180976760975361,531386586856824832,531359544082194432,531179926033285121,531172374646104064,531176593444831234,531200914955067393,531171742862295040,531184617056129025,531170777274810368,531200674458271746,531347429309050880,531170090050674688,531223327377879040,531180228413227008,531180594282393600,531206181151604736,531182742781042690,531171078564245504,531170145696096256,531220828395163648
1232924241160482816,1232924197799780352,1232924326321704960,1232924357757894656,1232924379274719234,1232924404956397569,1232924424002822144,1232924440553496576,1232924458098339840,1232924479350808576
552112474913136641,552115619244425216,552179353547571200,552119171442810880,552159078437625856,552169775796076545,552119730874896384,552606140438446080,552458102826876928,552144544557727745,552397276438888448,552165216054558721,552182159700942849,552250913474502658,552680428017295361,552134217782423554,552200415643975680,552148989064519681,552181709181972480,552173727719636992,552577129163268096,552143916590718976,552165751835357184,552113026087014400,552635873359978496,552130464496906241,552180397824819201,552366977889890306,552151943028948992,552329010626433025,552161433182810113,552198710315085826,552120285470937088,552142822498115585,552151129489174529,552170271546048512,552177670184644608,552113969809616896,552211169889763329,552230784799895553,552118681489391616,552134170684973057,552113429180612608,552153719564165120,552137499880206336,552148595844329472,552197962336829442,552177094566739968,553624017182396416,552237096468250625,552115943057661952,552233342180265984,552355526517215232,552113127761149952,552180503588007941,552121800399028224,552120835566501888,552120945708920832,553611551421505537,552119368331448323,552116648656654336,552156280467779584,552304678193881091,552112648327012352,552535573869891584,552247879121645568,552178645603999744,552534321752702976,552169772566081536,552181790321168384,552196737755262977,552126691125260288,552146226029015040,552147802391064577,552529991964311552,552121753166958592,552151440484225024,552163311945396224,552144974993977345,552129676039438336,552163114343727105,552155138581086208,552117804905029632,552115560826535937,552182338210529280,552113095238512640,552121491492319233,552143656380280832,552262434481008640,552166817888608256,552215790305677312,553611160621035520,552131579821432833,552188794389032960,552254516922687489,552123141146046464,552189029794729984,552149345769119745,552130352722890753,552238787627991040,552863478785257472,552143359125774336,552120931879907328,552119307954814976,552113011344039937,552119733982887936,552129288795734018,552182284322082816,552291831749570560,552158294689980417,552157687417679872,552137503827046401,552148419125719041,552168195264499712,552136659681042432,552154740071878657,552143591892856835,552186483163938816,553279040535429120,552517550110965760,552137357320028161,552126210135044097,552330002407362560,552734926844751873,552128994657972224,552127834790330370,552183264249937922,552158090225668097,552585664038854656,552156354769461248,552137769829814272,552192879079485440,552187327804899329,552124291970764800,552527139258765312,552114094598545408,552162265689235456,552179504408690688,552113642167341057,552156186808963072,552115399362609152,552172859125428225,552165341091344384,552157960567152641,552143543394127874,552286579512074240,552591163514183681,552115783497953280,552138160378249218,552218434193211394,552143079852244992,552174610016632832,552309064278237186,552163814058512384,552142671763230720,552157519179964416,552170828604129280,552136946836066304,553118872518148096,552174796084371456,552222629390974977,552116823769243648,552163608982220800,552159614058639360,552195135904038914,552210341354958849,552122122139865088,552144875748360193,552665535553736704,555611773697396736,552177382598393856,552174848320221184,552144033586618370,552144265288355841,552246545048162304,552112626738929665,552164548728594433,552171962210856960,552201072602005506,552112620493611009,552127422116544512,552229174442987520,552171310617341952,552355262586454017,552116181130158081,552218275271438337,552181060097024001,552128092282437632,552185924595888128,552115085649666048,552124771027386370,552143264053481472,552138916808384512,552150845090201600,552171966010896384,552115502282457088,552116257802436608,552154956124655616,552177011406295040,552791232305721344,552142515743113216,552249564212625408,552143104305016832,552113305771606017,552127390277980160,552113989962850305,552732598913728513,552164330653765632,552117799406301184,552219761916919808,552156134585679872,552151489544978433,552187299539472385,552142371086147584
1244020609178198016,1244017639279611910,1244019939398180869,1244019941038149632,1244020226502451212,1244020228217917440,1244020230013116416,1244020359927459840,1244020611019501569
1242063054335967232,1242064242989129733,1242064640026095617,1242066112717545472,1242063648693993472,1242064101469294592,1242091969951588353,1242092419434209281,1242121437168594946,1242064528755421184
604354747357859842
1244306388484001792,1241995670858457089,1242126577095360513,1244655761952780291
1242068864101314560,1242069490784854016,1242070241334575104,1242070437216935936,1242070704310243330,1242070839727517696,1242071091025047552,1242071409079095297,1242071604823130112,1242071788554575872,1242072666573434880,1242075202483130368,1242076577115951108
1225703746174242816,1225705453646159872
1255786055552434176,1255786442229497856
427725166127226881,427971967036444672,427739368283836416,427727452727570432,427780355735572480,427783990058037248,427821543888924673,427753914880888832,428009530518016000,427848210766262272,427727607753224192,427774379577978880,428787581321347074,427800804339093504
1277702571243732993,1277703530598539265
563117355254161408,563119015032541185,563584288939970561,563151552223780865,563134958546735105,563162664809943040,563188311598956544,563126683083894784,563117905458761728,563122855865761792,563137072568213504,563118511770185729,563160559672373248,563144118239776768,563571376502874113,563117628500103170,563122136819437570,563464446140370945,563117922122735616,563120258400411649,563119785605877762,563118894890885120,563120304193818625,563125419172327424,563127266830733313,563131101120839681,563118788229738497,563117702408339458,563117562540851202,563492664755367937,563123016721514497,563117913390211074,563868583194034177,563456873979183105,563530752323629057,563119204010713088,563123549267693569,563123317134336003,563143580374417408,563124067755368448,563118047364255744,563129763938582528,563182784571662338,563456429424525312,563118364717883392,563338056263299073,563127828984913920,563118500408201216,563185363821539330,563352850814603264,563119962718760960,563120698148024320,563123990198108160,563118995851993088
1274336402721947659,1274338476209721345,1274339507664379904
538930446814703616,538930997140520961,538954089476804609,538953419449327616,538991283034132480,538933104657051650,538931437492133889,539091894362710016,539319073297805312,538931686143041538,538970212607852544,539058029564792832,539058940508532736
489800427152879616,489802035638706177,489806309621903360,489801590308499458,489801301710995456,489801173856047104,489803490110484480,489803031937298432,489812445830348800,489802191339659264,489803588991188992,489802903788736513,489801435404845057,489801142000287744,489813779849306112,490003793371607040,489800803637796865,489801629843984384,489801688065519616,489801375832764417
1226423008182579206,1227449973240991744
1273224094117326849,1273233767285448704,1273236868352655360,1273575731960745987,1273226464893124608
615346611955183616,615584116696817664,615347473050001408,615541651126116353,615409942133014528,615540126068961281,615367056406528000,615369557826351105,615348617197436928,615601475415228416,615352604168687616,615370945717403648,615535092736208896,615349264961540096,615906999826563072,615359080639524864
1254756621823205377,1258770506074992640,1254886126244040708,1254887775075172359
553040930144792576,553041747278696448,553046613242171392,553041464691654658,553041124940840960,553063961391038464,553041412288442369,553093116648247296,553409801837760512,553042339627671552,553108415182946305,553146059233312768,553048504386347008,553179936023126018,553047060543320064,553042998301573121,553041610947436544,553041403681726464,553051648369905664
524925215235911680,524935939077206016,524927455715663872,524926127174078464,524931144476028928,524925756087214082,524937442655477761,524925724499935232,524940919494426624,524937817924067328,524926300990214144,524928329468870657,524934180548124672,524926377481736192,524935683908333569,524933596113801218,524928075981918209,524929949258768384
655986243042459648,655996189389647872,656180303136862208,655989328099848192
1225687522346291213,1225687494886191104,1225687506919682053,1225687534962794502,1225687551039524864,1225687565266587648,1225687585617403905
1232924326321704960,1232924227336011778,1232924241160482816,1232924357757894656,1232924379274719234,1232924404956397569,1232924424002822144,1232924440553496576,1232924458098339840,1232924479350808576
510916647373516800,510916972109131776,510917377698299904,510917231417753600,510948949046603776,510917151851814912,511108382972190720,510917655667417088,510918162737823744,510917704752975873,510931143588597760,510918460092981248,510917560930672640,510968135290454016,510929007907704832,510917624298225664,510919342847197184,510966261669302272,510918436311281664,510918743988244480,510917099397865472,510917356454166528,510918236234194944,510918002624438273,510917027515858944,510925745993293824,510919965625421824
531900034863091712,531900299259416577,531908522665967616,531920435580248065,531906979342856193,531916897478914048,532419703440809984,531902070241390593,531907743549231104,531908255820156928,531911414563098624,531927408279298049,531933485057839104,531900574628052992,531921534362075136,531913751252189185,531981053217763328,531902549021163520,531900630038614017,531913166431604736,531900293131563008,531917224668172288,531900282285064192,532426916515434497,531908390105395201,531912191604449281
1277651898942644224,1277644319092903937,1277662839612686342,1277668719682936832
1270703256411475968,1270704623649804288,1270705440670781442
1260609712359444480,1260605415882133513,1260606070071926793,1260607771105538054,1260608430810828800,1260611189312282629,1260613058839433218
1248515601297014784,1248518012610777089,1248518209956798465,1248519142694584320,1248522478500134912,1248549352492187651,1248527608356241408,1248535334062895104,1248543618333368322,1248717437605949440
380055172896272384,380055814746431488,380378366483783680,380378257591255040,380379708191305728,380471789131792384,380378713093062656,380079825911693312,380327496430137344,380379078701772801,380108744425603072,380378474310934528,380066183011389440,380089890291351552,380066329769680896,381150548919349248,380055575553671168,380087469074817024,380378218634936320,380378688778289152,380378638937780224,380063902849327104,380378433118674945,380057719140401152,380084987628122113,380402898108035073,380070015908601857,380380499023523841,380409270648320000,380381712167239680,380331170195439616,380382567326679040,380378281696317440,380382738723143680,380055767925002240,380379187015450624,380065801765928960,380379000763199488,380062839227940864,380382549815476225,380383725965426688,380057769967370241,380056193684631552,380378870001979393,380379254669983744,380378732252241920,380062124065947648,380076646423724032,380065915926093824,380115648879149057,380379906720686080,380378704238882816,380057306190598144,380055376785584128,380078032888672256,380062121804824577,380391674637062145,380379761421205504,380378416479879168,380062157854875648,380380323885744129,380378738187202561,380086978806829057,380082737493061632,380383227233697792,380072404414128128,380379726482649088,380057581059719169,380379355182284800,380379836411174912
1246063360740909057,1246063033509691393,1246066075013459969,1246077346551119872,1246088351842697217
524757333608394752,524757931917864960,524757721825165312,524757697531772928,524760154576023552,524758125484593153,524784062335287296,524769068973559809,524757707547361280,524910670719250432,525015193743798272,524758446915080192,524769460830605312,524768152895639552,524780094934777856,524758028378472448,524758730097688576,524758979671760896,524766114840977408,525307795605028865,524758756820004865,524794397959794690,524760057922088960,524758487415668736,524766280646021121,524758203356413954,524760293608812545,524940033279930370,524758437822201856,524757893396979714,524768072675389440,524757452508921856,524757962334556162,524761147942002688,524758022233419776,524759017609244673,524761093600604160,524825154421944320,524767805527588865,524760681326063616,524757549644783616,524757724278820864,524761438053994496,524802228519858176,524757850405752833,524760961149042688,524765830106460161,524784689966768128,524768343098548224,524758461964627968,524802071502274560,524803879071129600,524865997438603264,524759735338541056,524768527677665281,524777223245807617,524760281013305345,524758967504089088,524757639881048065,524762802331090945,524767823608832000,524801568470990849,524773473244418048,524767388689252352,524760323597672449,524757714581221376,524757669920268288,524757414416244736,525135077135876098,524765220519292928,524764644804530176,524770825111891968,524757704062304256,524761002349715458,524775351403425792,524986844208201728,524758642155720704,524784708387749888,524769871796510721,524769481361747968,524759790145523714,524763403475517441,524763237511073793,524757724173991936,524780029671002112,524758540804976640,524764675129757697,524758550413709313,524758764105502721,524766270810763264,524760796031893505,524761589191573504,524761582958415872,524759839306964992,524780176715304960
1243447312388698112,1243447308227878912,1243447310039711744,1243447314036985860,1243447315765084166,1243447317287632896,1243447319174971392,1243447320936681474,1243447322610106368,1243447324350742531,1243447325831442432,1243447327312023553,1243447329073631234
1229947074285694977,1229947054589272064,1229947064093593600,1229952506505170945,1230020652977074176
501774251901198336,501800211232993280,501774453382987776,501799722890584064,501843971149430784,501809176252010497,501774886369763328,501778816344543232
1242128846771478528,1242129440316035072
1235588054691336196,1235588056997974017,1235588058608586757
1234884634795577346,1234884630521638914,1234884637609955328,1234884639681941505,1234884642441818112,1234884644870352896,1234884647089135619,1234884649437937664,1234884651572850688,1234884654055882757,1234884656295641088
1237545128828342277,1237545126278258703,1237545131479150592,1237545133928636416,1237545136369754119,1237545138643021825,1237545141100900354,1237545143533617153,1237545145811079169
671181758692507648,671200376843067392,671184263329538048,671339044920565764,671320897446387712,671311905407897601,671193432749019136,671323727469129728,671273995921170432,671182820430077952,671181980852092929,672209116241129472,671183110130675712,671182540716310528,671330086650576896,671186188087271424,671334047059189760,671237987036868608,671332512430473216,671251140898521088,671186808269590528,671257115307212800
672513234419638273,672513853645717504,672589162726297600,672519515171741696,672515761743798272,672513834075054080,672527291218583552,672513910826758144,672513535407067136,672513811937628161,672523950816129028,672526267846033408,678079097130631168,672516830800560128,672543387472433152,672583828284682240,672516933233831936,672542327970263041,672515460575813632,672514789340499968,672515511775854592,672514120948805632,672550429507452928,672568085325332481,672517416069402624,672514751914770437,672514929266593793,672519107716259840,672515570357551104,672581405965205504,672517165287804928,672518230431412225,672517001441480704
553508098825261056,553511652587360256,553509546602553344,553551811282751488,553524499803815937,553538031513530368,553509365081456640,553518690872745985,553509102790668289,553513832971513856
1249479605582327808,1249392473073487873,1249539822915481602,1249564495061680129,1249538887468212225,1249540781011922945,1249537222266609665,1249564378279673858,1249531246679482368,1249534036420071426
1241082793737818113,1241041450084839424,1241066200697835523,1241071269954686976,1241078443179155457,1241085785060847617,1241086391267872770,1241086505566732289,1241086382875033600
